SIZE: 258
0 125 1
0 34 1
0 37 1
0 214 1
0 155 1
0 70 1
0 11 1
0 79 1
0 101 1
0 198 1
0 159 1
0 151 1
0 9 1
0 62 1
0 138 1
0 140 1
0 247 1
0 254 1
0 228 1
0 223 1
0 25 1
0 4 1
0 206 1
0 81 1
0 158 1
0 41 1
0 19 1
0 173 1
0 154 1
0 111 1
0 116 1
0 212 1
0 234 1
0 145 1
0 100 1
0 61 1
0 57 1
0 117 1
0 73 1
0 71 1
0 143 1
0 204 1
0 197 1
0 205 1
0 233 1
0 51 1
0 244 1
0 220 1
0 72 1
0 181 1
0 7 1
0 226 1
0 86 1
0 68 1
0 168 1
0 209 1
0 108 1
0 207 1
0 127 1
0 50 1
0 42 1
0 75 1
0 213 1
0 148 1
0 170 1
0 8 1
0 256 1
0 251 1
0 163 1
0 231 1
0 59 1
0 169 1
0 107 1
0 123 1
0 122 1
0 171 1
0 185 1
0 46 1
0 84 1
0 130 1
0 40 1
0 38 1
0 58 1
0 44 1
0 239 1
0 201 1
0 137 1
0 182 1
0 29 1
0 131 1
0 241 1
0 175 1
0 153 1
0 142 1
0 14 1
0 128 1
0 133 1
0 87 1
0 10 1
0 115 1
0 221 1
0 176 1
0 92 1
0 232 1
0 129 1
0 103 1
0 200 1
0 219 1
0 240 1
0 69 1
0 43 1
0 26 1
0 1 1
0 88 1
0 23 1
0 3 1
0 189 1
0 164 1
0 90 1
0 196 1
0 245 1
0 65 1
0 184 1
0 27 1
0 89 1
0 33 1
0 64 1
0 215 1
1 132 1
1 53 1
1 94 1
1 177 1
1 22 1
2 257 1
3 94 1
3 249 1
3 95 1
3 20 1
3 24 1
4 135 1
4 76 1
4 56 1
4 210 1
4 230 1
5 257 1
6 257 1
7 52 1
7 39 1
7 202 1
7 5 1
7 104 1
8 20 1
8 35 1
8 118 1
8 195 1
8 124 1
9 66 1
9 246 1
9 85 1
9 227 1
9 238 1
10 179 1
10 18 1
10 146 1
10 60 1
10 77 1
11 119 1
11 99 1
11 208 1
11 17 1
11 152 1
12 257 1
13 257 1
14 222 1
14 237 1
14 135 1
14 178 1
14 224 1
15 257 1
16 257 1
17 257 1
18 257 1
19 146 1
19 83 1
19 230 1
19 177 1
19 224 1
20 257 1
21 257 1
22 257 1
23 208 1
23 210 1
23 22 1
23 32 1
23 120 1
24 257 1
25 157 1
25 77 1
25 139 1
25 47 1
25 238 1
26 105 1
26 93 1
26 95 1
26 187 1
26 246 1
27 102 1
27 24 1
27 78 1
27 191 1
27 203 1
28 257 1
29 229 1
29 105 1
29 97 1
29 17 1
29 48 1
30 257 1
31 257 1
32 257 1
33 195 1
33 235 1
33 110 1
33 83 1
33 12 1
34 222 1
34 230 1
34 160 1
34 149 1
34 150 1
35 257 1
36 257 1
37 178 1
37 74 1
37 246 1
37 96 1
37 217 1
38 227 1
38 132 1
38 109 1
38 52 1
38 222 1
39 257 1
40 174 1
40 74 1
40 236 1
40 166 1
40 98 1
41 180 1
41 203 1
41 109 1
41 135 1
41 174 1
42 13 1
42 172 1
42 121 1
42 53 1
42 160 1
43 102 1
43 106 1
43 52 1
43 203 1
43 236 1
44 55 1
44 30 1
44 161 1
44 102 1
44 253 1
45 257 1
46 16 1
46 218 1
46 229 1
46 235 1
46 135 1
47 257 1
48 257 1
49 257 1
50 30 1
50 132 1
50 106 1
50 252 1
50 202 1
51 12 1
51 135 1
51 188 1
51 191 1
51 49 1
52 257 1
53 257 1
54 257 1
55 257 1
56 257 1
57 95 1
57 210 1
57 248 1
57 21 1
57 76 1
58 60 1
58 210 1
58 15 1
58 246 1
58 24 1
59 177 1
59 24 1
59 252 1
59 13 1
59 160 1
60 257 1
61 255 1
61 191 1
61 192 1
61 250 1
61 227 1
62 53 1
62 162 1
62 229 1
62 83 1
62 188 1
63 257 1
64 253 1
64 192 1
64 2 1
64 13 1
64 105 1
65 152 1
65 183 1
65 91 1
65 97 1
65 13 1
66 257 1
67 257 1
68 255 1
68 36 1
68 216 1
68 156 1
68 136 1
69 144 1
69 161 1
69 18 1
69 157 1
69 229 1
70 178 1
70 120 1
70 98 1
70 82 1
70 195 1
71 152 1
71 135 1
71 156 1
71 235 1
71 190 1
72 194 1
72 218 1
72 224 1
72 243 1
72 66 1
73 249 1
73 255 1
73 192 1
73 39 1
73 56 1
74 257 1
75 194 1
75 179 1
75 17 1
75 99 1
75 246 1
76 257 1
77 257 1
78 257 1
79 141 1
79 134 1
79 77 1
79 112 1
79 30 1
80 257 1
81 136 1
81 96 1
81 243 1
81 80 1
81 18 1
82 257 1
83 257 1
84 56 1
84 60 1
84 216 1
84 161 1
84 186 1
85 257 1
86 179 1
86 243 1
86 96 1
86 119 1
86 180 1
87 141 1
87 217 1
87 36 1
87 180 1
87 22 1
88 63 1
88 167 1
88 166 1
88 202 1
88 45 1
89 166 1
89 91 1
89 60 1
89 97 1
89 139 1
90 106 1
90 13 1
90 156 1
90 18 1
90 54 1
91 257 1
92 6 1
92 124 1
92 12 1
92 49 1
92 208 1
93 257 1
94 257 1
95 257 1
96 257 1
97 257 1
98 257 1
99 257 1
100 172 1
100 12 1
100 96 1
100 195 1
100 183 1
101 36 1
101 135 1
101 118 1
101 17 1
101 252 1
102 257 1
103 202 1
103 18 1
103 74 1
103 150 1
103 83 1
104 257 1
105 257 1
106 257 1
107 91 1
107 94 1
107 85 1
107 31 1
107 217 1
108 172 1
108 96 1
108 97 1
108 230 1
108 187 1
109 257 1
110 257 1
111 242 1
111 102 1
111 180 1
111 186 1
111 160 1
112 257 1
113 257 1
114 257 1
115 225 1
115 144 1
115 167 1
115 146 1
115 252 1
116 120 1
116 132 1
116 63 1
116 47 1
116 199 1
117 161 1
117 211 1
117 114 1
117 85 1
117 18 1
118 257 1
119 257 1
120 257 1
121 257 1
122 119 1
122 136 1
122 54 1
122 16 1
122 172 1
123 17 1
123 48 1
123 118 1
123 210 1
123 74 1
124 257 1
125 82 1
125 56 1
125 183 1
125 120 1
125 66 1
126 257 1
127 113 1
127 45 1
127 136 1
127 2 1
127 183 1
128 54 1
128 96 1
128 22 1
128 167 1
128 235 1
129 113 1
129 78 1
129 110 1
129 250 1
129 187 1
130 150 1
130 120 1
130 229 1
130 195 1
130 166 1
131 54 1
131 30 1
131 141 1
131 203 1
131 83 1
132 257 1
133 236 1
133 193 1
133 195 1
133 187 1
133 179 1
134 257 1
135 257 1
136 257 1
137 167 1
137 139 1
137 191 1
137 121 1
137 229 1
138 53 1
138 21 1
138 193 1
138 172 1
138 139 1
139 257 1
140 195 1
140 216 1
140 242 1
140 66 1
140 52 1
141 257 1
142 31 1
142 109 1
142 135 1
142 97 1
142 225 1
143 242 1
143 174 1
143 161 1
143 112 1
143 18 1
144 257 1
145 36 1
145 66 1
145 95 1
145 246 1
145 94 1
146 257 1
147 257 1
148 252 1
148 15 1
148 63 1
148 149 1
148 95 1
149 257 1
150 257 1
151 141 1
151 60 1
151 237 1
151 208 1
151 18 1
152 257 1
153 216 1
153 76 1
153 35 1
153 180 1
153 227 1
154 60 1
154 238 1
154 188 1
154 124 1
154 191 1
155 20 1
155 161 1
155 166 1
155 211 1
155 95 1
156 257 1
157 257 1
158 102 1
158 15 1
158 110 1
158 195 1
158 28 1
159 157 1
159 80 1
159 49 1
159 32 1
159 35 1
160 257 1
161 257 1
162 257 1
163 63 1
163 236 1
163 126 1
163 156 1
163 22 1
164 208 1
164 36 1
164 45 1
164 235 1
164 217 1
165 257 1
166 257 1
167 257 1
168 105 1
168 246 1
168 31 1
168 136 1
168 97 1
169 47 1
169 227 1
169 93 1
169 97 1
169 105 1
170 114 1
170 30 1
170 235 1
170 216 1
170 60 1
171 188 1
171 194 1
171 22 1
171 49 1
171 113 1
172 257 1
173 222 1
173 243 1
173 78 1
173 83 1
173 253 1
174 257 1
175 93 1
175 139 1
175 199 1
175 246 1
175 85 1
176 93 1
176 190 1
176 202 1
176 66 1
176 56 1
177 257 1
178 257 1
179 257 1
180 257 1
181 12 1
181 83 1
181 95 1
181 104 1
181 218 1
182 16 1
182 2 1
182 210 1
182 39 1
182 91 1
183 257 1
184 52 1
184 12 1
184 104 1
184 246 1
184 119 1
185 96 1
185 48 1
185 144 1
185 35 1
185 235 1
186 257 1
187 257 1
188 257 1
189 85 1
189 147 1
189 121 1
189 246 1
189 18 1
190 257 1
191 257 1
192 257 1
193 257 1
194 257 1
195 257 1
196 110 1
196 146 1
196 152 1
196 199 1
196 82 1
197 126 1
197 135 1
197 192 1
197 52 1
197 178 1
198 28 1
198 48 1
198 165 1
198 93 1
198 250 1
199 257 1
200 76 1
200 249 1
200 119 1
200 134 1
200 47 1
201 66 1
201 208 1
201 134 1
201 97 1
201 110 1
202 257 1
203 257 1
204 190 1
204 203 1
204 243 1
204 229 1
204 202 1
205 186 1
205 124 1
205 190 1
205 110 1
205 150 1
206 225 1
206 162 1
206 67 1
206 35 1
206 165 1
207 160 1
207 48 1
207 161 1
207 17 1
207 199 1
208 257 1
209 77 1
209 56 1
209 250 1
209 210 1
209 99 1
210 257 1
211 257 1
212 56 1
212 85 1
212 96 1
212 250 1
212 236 1
213 76 1
213 235 1
213 249 1
213 96 1
213 18 1
214 49 1
214 225 1
214 112 1
214 83 1
214 96 1
215 54 1
215 102 1
215 60 1
215 174 1
215 199 1
216 257 1
217 257 1
218 257 1
219 94 1
219 190 1
219 30 1
219 36 1
219 222 1
220 225 1
220 217 1
220 146 1
220 183 1
220 121 1
221 91 1
221 113 1
221 60 1
221 104 1
221 236 1
222 257 1
223 113 1
223 36 1
223 216 1
223 177 1
223 56 1
224 257 1
225 257 1
226 45 1
226 167 1
226 222 1
226 104 1
226 39 1
227 257 1
228 150 1
228 238 1
228 80 1
228 39 1
228 82 1
229 257 1
230 257 1
231 186 1
231 91 1
231 216 1
231 252 1
231 134 1
232 236 1
232 203 1
232 80 1
232 156 1
232 126 1
233 28 1
233 135 1
233 80 1
233 178 1
233 210 1
234 235 1
234 141 1
234 238 1
234 36 1
234 250 1
235 257 1
236 257 1
237 257 1
238 257 1
239 222 1
239 112 1
239 30 1
239 255 1
239 167 1
240 210 1
240 21 1
240 5 1
240 114 1
240 195 1
241 91 1
241 114 1
241 118 1
241 180 1
241 119 1
242 257 1
243 257 1
244 83 1
244 109 1
244 53 1
244 52 1
244 236 1
245 80 1
245 208 1
245 15 1
245 5 1
245 49 1
246 257 1
247 95 1
247 93 1
247 188 1
247 242 1
247 135 1
248 257 1
249 257 1
250 257 1
251 76 1
251 243 1
251 235 1
251 48 1
251 202 1
252 257 1
253 257 1
254 6 1
254 83 1
254 238 1
254 192 1
254 191 1
255 257 1
256 126 1
256 236 1
256 229 1
256 157 1
256 109 1
