SIZE: 256
0 131
0 52
0 93
0 176
0 21
1 126
1 181
1 63
2 93
2 248
2 94
2 19
2 23
3 134
3 75
3 55
3 209
3 229
4 6
4 239
4 244
5 253
5 91
6 51
6 38
6 201
6 4
6 103
7 19
7 34
7 117
7 194
7 123
8 65
8 245
8 84
8 226
8 237
9 178
9 17
9 145
9 59
9 76
10 118
10 98
10 207
10 16
10 151
11 99
11 50
11 180
11 91
11 183
11 32
12 41
12 58
12 89
12 64
12 63
13 221
13 236
13 134
13 177
13 223
14 157
14 147
14 57
14 244
15 121
15 45
15 181
16 10
16 100
16 206
16 74
16 122
16 28
17 150
17 80
17 116
17 142
17 212
17 9
17 102
17 68
17 188
17 89
18 145
18 82
18 229
18 176
18 223
19 154
19 7
19 2
20 137
20 56
20 239
21 162
21 170
21 127
21 86
21 0
21 22
22 207
22 209
22 21
22 31
22 119
23 58
23 57
23 2
23 26
24 156
24 76
24 138
24 46
24 237
25 104
25 92
25 94
25 186
25 245
26 101
26 23
26 77
26 190
26 202
27 197
27 157
27 232
28 228
28 104
28 96
28 16
28 47
29 78
29 49
29 169
29 43
29 238
29 130
29 218
30 167
30 106
30 141
31 158
31 22
32 194
32 234
32 109
32 82
32 11
33 221
33 229
33 159
33 148
33 149
34 158
34 205
34 7
34 184
34 152
35 100
35 222
35 233
35 144
35 67
35 86
35 218
35 163
36 177
36 73
36 245
36 95
36 216
37 226
37 131
37 108
37 51
37 221
38 227
38 72
38 6
38 225
38 181
39 173
39 73
39 235
39 165
39 97
40 179
40 202
40 108
40 134
40 173
41 12
41 171
41 120
41 52
41 159
42 101
42 105
42 51
42 202
42 235
43 54
43 29
43 160
43 101
43 252
44 225
44 126
44 87
44 163
45 15
45 217
45 228
45 234
45 134
46 24
46 115
46 168
46 199
47 197
47 206
47 250
47 122
47 184
47 28
48 213
48 158
48 50
48 170
48 91
48 244
49 29
49 131
49 105
49 251
49 201
50 11
50 134
50 187
50 190
50 48
51 139
51 196
51 243
51 6
51 37
51 42
51 183
52 61
52 137
52 243
52 41
52 0
53 121
53 130
53 127
53 89
53 214
54 43
55 124
55 222
55 3
55 211
55 72
55 208
55 83
55 175
56 94
56 209
56 247
56 20
56 75
57 59
57 209
57 14
57 245
57 23
58 176
58 23
58 251
58 12
58 159
59 150
59 153
59 169
59 83
59 57
59 9
59 220
59 88
59 214
60 254
60 190
60 191
60 249
60 226
61 52
61 161
61 228
61 82
61 187
62 115
62 147
62 162
62 87
63 252
63 191
63 1
63 12
63 104
64 151
64 182
64 90
64 96
64 12
65 124
65 8
65 139
65 144
65 71
65 200
65 175
66 205
67 254
67 35
67 215
67 155
67 135
68 143
68 160
68 17
68 156
68 228
69 177
69 119
69 97
69 81
69 194
70 151
70 134
70 155
70 234
70 189
71 193
71 217
71 223
71 242
71 65
72 248
72 254
72 191
72 38
72 55
73 36
73 122
73 39
73 102
74 193
74 178
74 16
74 98
74 245
75 3
75 56
75 212
75 250
75 152
75 199
76 78
76 24
76 208
76 9
77 172
77 128
77 26
78 140
78 133
78 76
78 111
78 29
79 158
79 227
79 80
79 232
79 231
79 244
80 135
80 95
80 242
80 79
80 17
81 124
81 69
81 227
81 195
82 213
82 61
82 253
82 18
82 172
82 243
82 180
82 130
82 102
82 32
83 55
83 59
83 215
83 160
83 185
84 8
84 211
84 116
84 106
84 174
84 188
85 178
85 242
85 95
85 118
85 179
86 140
86 216
86 35
86 179
86 21
87 62
87 166
87 165
87 201
87 44
88 165
88 90
88 59
88 96
88 138
89 105
89 12
89 155
89 17
89 53
90 230
90 106
90 181
90 240
90 220
90 64
90 88
91 5
91 123
91 11
91 48
91 207
92 197
92 246
92 168
92 174
92 175
92 25
93 144
93 106
93 218
93 0
93 2
94 154
94 246
94 144
94 56
94 180
94 147
94 25
94 2
95 36
95 213
95 80
95 211
95 99
95 85
95 107
95 212
95 184
95 127
96 167
96 107
96 168
96 200
96 28
96 141
96 64
96 88
97 69
97 39
98 10
98 208
98 74
99 171
99 11
99 95
99 194
99 182
100 35
100 134
100 117
100 16
100 251
101 157
101 110
101 43
101 42
101 26
101 214
102 201
102 17
102 73
102 149
102 82
103 180
103 6
103 225
103 220
103 183
104 167
104 168
104 28
104 25
104 63
105 49
105 42
105 89
106 90
106 93
106 84
106 30
106 216
107 171
107 95
107 96
107 229
107 186
108 40
108 243
108 255
108 37
108 141
109 157
109 204
109 200
109 128
109 195
109 32
110 241
110 101
110 179
110 185
110 159
111 213
111 78
111 142
111 238
112 222
112 126
112 170
112 220
112 128
113 116
113 169
113 240
113 239
114 224
114 143
114 166
114 145
114 251
115 119
115 131
115 62
115 46
115 198
116 160
116 210
116 113
116 84
116 17
117 100
117 7
117 122
117 240
118 10
118 85
118 121
118 240
118 199
118 183
119 124
119 69
119 115
119 129
119 22
120 219
120 41
120 136
120 188
121 118
121 135
121 53
121 15
121 171
122 16
122 47
122 117
122 209
122 73
123 153
123 204
123 7
123 91
124 81
124 55
124 182
124 119
124 65
125 196
125 255
125 162
125 231
126 112
126 44
126 135
126 1
126 182
127 53
127 95
127 21
127 166
127 234
128 112
128 77
128 109
128 249
128 186
129 149
129 119
129 228
129 194
129 165
130 53
130 29
130 140
130 202
130 82
131 115
131 49
131 37
131 0
132 235
132 192
132 194
132 186
132 178
133 78
133 230
133 200
133 199
134 100
134 246
134 3
134 40
134 70
134 196
134 232
134 50
134 45
134 141
134 13
135 80
135 67
135 167
135 126
135 121
136 166
136 138
136 190
136 120
136 228
137 52
137 20
137 192
137 171
137 138
138 137
138 24
138 136
138 174
138 88
139 194
139 215
139 241
139 65
139 51
140 78
140 150
140 233
140 130
140 86
141 30
141 108
141 134
141 96
141 224
142 241
142 173
142 160
142 111
142 17
143 184
143 114
143 68
144 35
144 65
144 94
144 245
144 93
145 18
145 219
145 9
145 114
145 195
146 188
147 251
147 14
147 62
147 148
147 94
148 33
148 147
149 33
149 227
149 204
149 129
149 102
150 140
150 59
150 236
150 207
150 17
151 10
151 70
151 195
151 64
152 215
152 75
152 34
152 179
152 226
153 59
153 237
153 187
153 123
153 190
154 19
154 160
154 165
154 210
154 94
155 70
155 67
155 162
155 231
155 89
156 158
156 24
156 255
156 68
157 101
157 14
157 109
157 194
157 27
158 156
158 79
158 48
158 31
158 34
159 33
159 110
159 206
159 41
159 58
160 154
160 116
160 142
160 206
160 83
160 43
160 68
161 61
161 205
162 62
162 235
162 125
162 155
162 21
163 207
163 35
163 44
163 234
163 216
164 197
164 205
165 154
165 129
165 39
165 87
165 88
166 225
166 238
166 136
166 127
166 114
166 87
167 104
167 245
167 30
167 135
167 96
168 46
168 226
168 92
168 96
168 104
169 113
169 29
169 234
169 215
169 59
170 187
170 193
170 21
170 48
170 112
171 137
171 99
171 107
171 41
171 121
172 221
172 242
172 77
172 82
172 252
173 40
173 142
173 39
173 214
174 92
174 138
174 198
174 245
174 84
175 92
175 189
175 201
175 65
175 55
176 222
176 18
176 58
176 0
177 36
177 69
177 196
177 232
177 13
178 85
178 74
178 132
178 9
179 40
179 110
179 85
179 240
179 152
179 86
180 11
180 82
180 94
180 103
180 217
181 15
181 1
181 209
181 38
181 90
182 124
182 99
182 219
182 126
182 64
183 51
183 11
183 103
183 245
183 118
184 95
184 47
184 143
184 34
184 234
185 110
185 204
185 230
185 83
186 107
186 132
186 128
186 25
187 61
187 246
187 153
187 50
187 170
188 84
188 146
188 120
188 245
188 17
189 70
189 203
189 204
189 175
189 218
190 253
190 153
190 60
190 50
190 136
190 26
191 253
191 60
191 72
191 196
191 63
192 137
192 132
193 71
193 74
193 170
194 69
194 139
194 157
194 99
194 7
194 129
194 132
194 239
194 32
195 109
195 145
195 151
195 198
195 81
196 125
196 134
196 191
196 51
196 177
197 27
197 47
197 164
197 92
197 249
198 115
198 206
198 174
198 195
198 214
199 75
199 248
199 118
199 133
199 46
200 65
200 207
200 133
200 96
200 109
201 203
201 6
201 49
201 250
201 175
201 102
201 87
202 40
202 203
202 130
202 231
202 42
202 26
203 189
203 202
203 242
203 228
203 201
204 185
204 123
204 189
204 109
204 149
205 224
205 161
205 66
205 34
205 164
206 159
206 47
206 160
206 16
206 198
207 10
207 150
207 200
207 91
207 22
207 163
207 244
208 76
208 55
208 249
208 209
208 98
209 3
209 56
209 232
209 208
209 122
209 57
209 181
209 239
209 22
210 154
210 116
211 55
211 84
211 95
211 249
211 235
212 75
212 234
212 248
212 95
212 17
213 48
213 224
213 111
213 82
213 95
214 53
214 101
214 59
214 173
214 198
215 139
215 222
215 67
215 169
215 230
215 83
215 152
216 36
216 219
216 106
216 86
216 163
217 71
217 180
217 45
218 93
218 189
218 29
218 35
218 221
219 224
219 216
219 145
219 182
219 120
220 90
220 112
220 59
220 103
220 235
221 33
221 172
221 225
221 37
221 238
221 13
221 218
222 112
222 35
222 215
222 176
222 55
223 18
223 71
223 13
224 213
224 205
224 219
224 141
224 114
225 44
225 166
225 221
225 103
225 38
226 8
226 60
226 168
226 37
226 152
227 149
227 237
227 79
227 38
227 81
228 61
228 203
228 255
228 45
228 129
228 136
228 28
228 68
229 33
229 3
229 18
229 107
230 185
230 90
230 215
230 251
230 133
231 235
231 202
231 79
231 155
231 125
232 27
232 134
232 79
232 177
232 209
233 234
233 140
233 237
233 35
233 249
234 233
234 70
234 212
234 169
234 250
234 184
234 45
234 127
234 163
234 32
235 211
235 243
235 255
235 162
235 39
235 132
235 220
235 231
235 42
236 150
236 13
237 8
237 253
237 227
237 24
237 153
237 233
238 221
238 111
238 29
238 254
238 166
239 209
239 20
239 4
239 113
239 194
240 90
240 113
240 117
240 179
240 118
241 139
241 246
241 110
241 142
242 80
242 172
242 203
242 71
242 85
242 250
243 82
243 108
243 52
243 51
243 235
244 79
244 207
244 14
244 4
244 48
245 36
245 8
245 144
245 167
245 74
245 57
245 174
245 25
245 188
245 183
246 94
246 92
246 187
246 241
246 134
247 56
248 72
248 212
248 199
248 2
249 197
249 211
249 233
249 60
249 208
249 128
250 75
250 242
250 234
250 47
250 201
251 100
251 49
251 147
251 230
251 58
251 114
252 172
252 43
252 63
253 5
253 82
253 237
253 191
253 190
254 60
254 72
254 67
254 238
255 125
255 235
255 228
255 156
255 108
